tank	temp	incr	id	surf.area	tank.grp	inctime	rate	time.period
3	32	0.165671559	A1	7.084	32.3	35	4.733473114	1
3	32	0.027184498	A1	7.084	32.3	25	1.08737992	2
3	32	0.105147583	A1	7.084	32.3	35	3.004216657	3
1	25	0.333394778	A13	7.05	25.1	35	9.525565086	1
1	25	0.318007326	A13	7.05	25.1	25	12.72029304	2
1	25	0.40468997	A13	7.05	25.1	34	11.902646176	3
1	28	0.54009954	A18	8.277	28.1	34	15.885280588	1
1	28	0.54522869	A18	8.277	28.1	26	20.970334231	2
1	28	0.49650176	A18	8.277	28.1	36	13.791715556	3
3	32	0.248763796	A2	8.428	32.3	35	7.107537029	1
3	32	0.017952026	A2	8.428	32.3	25	0.71808104	2
3	32	0.062062721	A2	8.428	32.3	35	1.7732206	3
2	28	0.75911427	A20	8.752	28.2	34	22.326890294	1
2	28	0.68628033	A20	8.752	28.2	26	26.395397308	2
2	28	0.88734302	A20	8.752	28.2	36	24.648417222	3
2	32	0.151822853	A3	7.514	32.2	35	4.3377958	1
2	32	0.050265674	A3	7.514	32.2	25	2.01062696	2
2	32	0.038981543	A3	7.514	32.2	35	1.113758371	3
1	32	0.301594043	A4	7.519	32.1	35	8.616972657	1
1	32	0.04923985	A4	7.519	32.1	25	1.969594	2
1	32	0.08976013	A4	7.519	32.1	35	2.564575143	3
3	28	0.105660499	A5	5.545	28.3	34	3.107661735	1
3	28	0.370837576	A5	5.545	28.3	26	14.262983692	2
3	28	0.612420562	A5	5.545	28.3	36	17.011682278	3
2	25	0.187213991	A8	5.475	25.2	35	5.348971171	1
2	25	0.190291481	A8	5.475	25.2	25	7.61165924	2
2	25	0.41802576	A8	5.475	25.2	34	12.294875294	3
3	25	0.42212908	A9	8.383	25.3	35	12.060830857	1
3	25	0.32826563	A9	8.383	25.3	25	13.1306252	2
3	25	0.46521394	A9	8.383	25.3	34	13.682762941	3
2	32	0.255944607	B10	5.738	32.2	35	7.312703057	1
2	32	0.056420654	B10	5.738	32.2	25	2.25682616	2
2	32	0.064627296	B10	5.738	32.2	35	1.846494171	3
3	25	0.68166409	B13	11.506	25.3	35	19.476116857	1
3	25	0.446749	B13	11.506	25.3	25	17.86996	2
3	25	0.80322496	B13	11.506	25.3	34	23.624263529	3
1	28	0.82066407	B15	12.209	28.1	34	24.137178529	1
1	28	0.91247586	B15	12.209	28.1	26	35.095225385	2
1	28	0.93863453	B15	12.209	28.1	36	26.073181389	3
2	25	0.74475265	B16	11.88	25.2	35	21.278647143	1
2	25	0.56164197	B16	11.88	25.2	25	22.4656788	2
2	25	1.07609576	B16	11.88	25.2	34	31.649875294	3
1	25	0.88939468	B17	14.057	25.1	35	25.411276571	1
1	25	0.64370838	B17	14.057	25.1	25	25.7483352	2
1	25	1.01454596	B17	14.057	25.1	34	29.839587059	3
2	28	1.3228079	B2	13.261	28.2	34	38.906114706	1
2	28	1.27049056	B2	13.261	28.2	26	48.865021538	2
2	28	1.82033549	B2	13.261	28.2	36	50.564874722	3
1	32	0.39032835	B3	7.818	32.1	35	11.152238571	1
1	32	0.00718081	B3	7.818	32.1	25	0.2872324	2
1	32	0.10771216	B3	7.818	32.1	35	3.077490286	3
3	28	0.8796493	B5	12.323	28.3	34	25.872038235	1
3	28	1.00428765	B5	12.323	28.3	26	38.626448077	2
3	28	1.11353856	B5	12.323	28.3	36	30.931626667	3
3	28	0.570361528	C10	10.506	28.3	34	16.775339059	1
3	28	0.656531255	C10	10.506	28.3	26	25.251202115	2
3	28	0.578055255	C10	10.506	28.3	36	16.057090417	3
3	32	0.319033157	C15	11.534	32.3	35	9.115233057	1
3	32	0.035391138	C15	11.534	32.3	25	1.41564552	2
3	32	0.053343164	C15	11.534	32.3	35	1.5240904	3
2	25	0.364682596	C17	8.084	25.2	35	10.419502743	1
2	25	0.375453811	C17	8.084	25.2	25	15.01815244	2
2	25	0.58369732	C17	8.084	25.2	34	17.167568235	3
3	25	0.377505472	C2	7.768	25.3	35	10.785870629	1
3	25	0.223118044	C2	7.768	25.3	25	8.92472176	2
3	25	0.35185972	C2	7.768	25.3	34	10.348815294	3
2	28	0.84528399	C3	10.013	28.2	34	24.861293824	1
2	28	0.79142791	C3	10.013	28.2	26	30.439535	2
2	28	1.50027651	C3	10.013	28.2	36	41.6743475	3
1	28	0.523686259	C8	9.279	28.1	34	15.402537029	1
1	28	0.443671512	C8	9.279	28.1	26	17.064288923	2
1	28	0.58164566	C8	9.279	28.1	36	16.156823889	3
3	32	0.17336528	D1	10.926	32.3	35	4.953293714	1
3	32	0.07129519	D1	10.926	32.3	25	2.8518076	2
3	32	0.13181917	D1	10.926	32.3	35	3.766262	3
1	28	0.44931358	D14	11.509	28.1	34	13.215105294	1
1	28	0.59292979	D14	11.509	28.1	26	22.804991923	2
1	28	0.88939468	D14	11.509	28.1	36	24.705407778	3
2	32	0.10053135	D15	8.862	32.2	35	2.872324286	1
2	32	-0.03641697	D15	8.862	32.2	25	-1.4566788	2
2	32	0.28928409	D15	8.862	32.2	35	8.265259714	3
2	25	0.46752206	D2	8.26	25.2	35	13.357773143	1
2	25	0.39161064	D2	8.26	25.2	25	15.6644256	2
2	25	0.61652388	D2	8.26	25.2	34	18.133055294	3
3	25	0.47957557	D3	9.115	25.3	35	13.702159143	1
3	25	0.36263093	D3	9.115	25.3	25	14.5052372	2
3	25	0.4329003	D3	9.115	25.3	34	12.732361765	3
1	32	0.210808082	D5	9.113	32.1	35	6.023088057	1
1	32	0.036416968	D5	9.113	32.1	25	1.45667872	2
1	32	0.111302565	D5	9.113	32.1	35	3.180073286	3
3	28	0.48265305	D6	11.207	28.3	34	14.195677941	1
3	28	0.90426922	D6	11.207	28.3	26	34.779585385	2
3	28	1.01659762	D6	11.207	28.3	36	28.238822778	3
1	25	0.456494389	D7	10.067	25.1	35	13.042696829	1
1	25	0.388276686	D7	10.067	25.1	25	15.53106744	2
1	25	0.47598516	D7	10.067	25.1	34	13.999563529	3
2	28	0.39494458	D8	10.467	28.2	34	11.616017059	1
2	28	0.49342427	D8	10.467	28.2	26	18.977856538	2
2	28	0.78937625	D8	10.467	28.2	36	21.927118056	3
3	32	0.16567156	E1	9.468	32.3	35	4.733473143	1
3	32	0.04513653	E1	9.468	32.3	25	1.8054612	2
3	32	0.01179704	E1	9.468	32.3	35	0.337058286	3
1	28	0.358527615	E10	8.635	28.1	34	10.544929853	1
1	28	0.424180741	E10	8.635	28.1	26	16.314643885	2
1	28	0.594468535	E10	8.635	28.1	36	16.513014861	3
3	25	0.38007004	E11	7.36	25.3	35	10.859144	1
3	25	0.44521026	E11	7.36	25.3	25	17.8084104	2
3	25	0.64165672	E11	7.36	25.3	34	18.872256471	3
3	32	0.22004055	E12	10.109	32.3	35	6.286872857	1
3	32	0.03487822	E12	10.109	32.3	25	1.3951288	2
3	32	0.06411438	E12	10.109	32.3	35	1.831839429	3
1	25	0.44469734	E13	10.16	25.1	35	12.705638286	1
1	25	0.43854236	E13	10.16	25.1	25	17.5416944	2
1	25	0.61190765	E13	10.16	25.1	34	17.997283824	3
2	25	0.57805526	E16	10.023	25.2	35	16.515864571	1
2	25	0.45444273	E16	10.023	25.2	25	18.1777092	2
2	25	0.76885965	E16	10.023	25.2	34	22.613519118	3
1	28	0.226195534	E2	8.4	28.1	34	6.652809824	1
1	28	0.509324638	E2	8.4	28.1	26	19.589409154	2
1	28	0.760140094	E2	8.4	28.1	36	21.115002611	3
2	32	0.078476002	E20	7.467	32.2	35	2.242171486	1
2	32	0.036416968	E20	7.467	32.2	25	1.45667872	2
2	32	0.018977856	E20	7.467	32.2	35	0.542224457	3
3	28	0.690896563	E4	9.389	28.3	34	20.320487147	1
3	28	0.805276618	E4	9.389	28.3	26	30.972177615	2
3	28	1.271003479	E4	9.389	28.3	36	35.305652194	3
1	32	0.23029885	E6	8.987	32.1	35	6.579967143	1
1	32	0.06103689	E6	8.987	32.1	25	2.4414756	2
1	32	0.03539114	E6	8.987	32.1	35	1.011175429	3
2	28	0.616523882	E9	8.824	28.2	34	18.133055353	1
2	28	0.724236041	E9	8.824	28.2	26	27.855232346	2
2	28	1.0740441	E9	8.824	28.2	36	29.834558333	3
3	32	0.49752759	F1	12.485	32.3	35	14.215074	1
3	32	0.04564944	F1	12.485	32.3	25	1.8259776	2
3	32	0.15592617	F1	12.485	32.3	35	4.455033429	3
2	28	0.834512771	F19	9.329	28.2	34	24.544493265	1
2	28	0.67089288	F19	9.329	28.2	26	25.803572308	2
2	28	0.80219913	F19	9.329	28.2	36	22.283309167	3
2	25	0.8729814	F2	12.176	25.2	35	24.942325714	1
2	25	0.77552755	F2	12.176	25.2	25	31.021102	2
2	25	0.91504043	F2	12.176	25.2	34	26.912953824	3
3	25	0.65294085	F3	9.972	25.3	35	18.655452857	1
3	25	0.65601834	F3	9.972	25.3	25	26.2407336	2
3	25	0.78578585	F3	9.972	25.3	34	23.111348529	3
1	25	0.64524712	F4	9.499	25.1	35	18.435632	1
1	25	0.61447222	F4	9.499	25.1	25	24.5788888	2
1	25	0.58882647	F4	9.499	25.1	34	17.318425588	3
1	28	0.525225	F6	8.923	28.1	34	15.447794118	1
1	28	0.77809212	F6	8.923	28.1	26	29.92662	2
1	28	1.08225075	F6	8.923	28.1	36	30.062520833	3
2	32	0.56215489	F7	10.283	32.2	35	16.061568286	1
2	32	0.16515864	F7	10.283	32.2	25	6.6063456	2
2	32	0.0682177	F7	10.283	32.2	35	1.949077143	3
3	28	1.1881677	F8	10.936	28.3	34	34.946108824	1
3	28	1.09661236	F8	10.936	28.3	26	42.177398462	2
3	28	1.76750524	F8	10.936	28.3	36	49.097367778	3
1	32	0.65960875	F9	9.991	32.1	35	18.845964286	1
1	32	0.12412544	F9	9.991	32.1	25	4.9650176	2
1	32	0.02256826	F9	9.991	32.1	35	0.644807429	3
1	25	0.33236895	G13	12.15	25.1	35	9.496255714	1
1	25	0.68987073	G13	12.15	25.1	25	27.5948292	2
1	25	0.86682643	G13	12.15	25.1	34	25.494895	3
3	28	0.62114012	G20	10.716	28.3	34	18.268827059	1
3	28	1.08737989	G20	10.716	28.3	26	41.822303462	2
3	28	1.7834056	G20	10.716	28.3	36	49.539044444	3
2	32	0.38981543	G3	11.516	32.2	35	11.137583714	1
2	32	0.3580147	G3	11.516	32.2	25	14.320588	2
2	32	0.26209959	G3	11.516	32.2	35	7.488559714	3
3	32	0.28210328	H1	11.197	32.3	35	8.060093714	1
3	32	0.03487822	H1	11.197	32.3	25	1.3951288	2
3	32	0.06462729	H1	11.197	32.3	35	1.846494	3
3	32	0.25594461	H14	9.012	32.3	35	7.312703143	1
3	32	0.03898154	H14	9.012	32.3	25	1.5592616	2
3	32	0.0477011	H14	9.012	32.3	35	1.362888571	3
1	32	0.24286527	H15	9.857	32.1	35	6.939007714	1
1	32	0.04539299	H15	9.857	32.1	25	1.8157196	2
1	32	0.05693357	H15	9.857	32.1	35	1.626673429	3
3	28	0.68115118	H16	11.44	28.3	34	20.033858235	1
3	28	0.4636752	H16	11.44	28.3	26	17.833661538	2
3	28	0.65396668	H16	11.44	28.3	36	18.165741111	3
3	25	0.333907693	H19	9.259	25.3	35	9.5402198	1
3	25	0.213372658	H19	9.259	25.3	25	8.53490632	2
3	25	0.180546095	H19	9.259	25.3	34	5.310179265	3
2	32	0.35083389	H2	10.614	32.2	35	10.023825429	1
2	32	0.05180441	H2	10.614	32.2	25	2.0721764	2
2	32	0.05693357	H2	10.614	32.2	35	1.626673429	3
1	25	0.55497408	H20	10.575	25.1	35	15.856402286	1
1	25	0.36160511	H20	10.575	25.1	25	14.4642044	2
1	25	0.20157561	H20	10.575	25.1	34	5.928694412	3
1	28	0.51342796	H6	10.207	28.1	34	15.100822353	1
1	28	0.37904422	H6	10.207	28.1	26	14.578623846	2
1	28	0.4877822	H6	10.207	28.1	36	13.549505556	3
2	28	0.71090025	H7	10.205	28.2	34	20.908830882	1
2	28	0.59600728	H7	10.205	28.2	26	22.923356923	2
2	28	0.66935413	H7	10.205	28.2	36	18.593170278	3
2	25	0.5149667	H9	9.057	25.2	35	14.713334286	1
2	25	0.37186341	H9	9.057	25.2	25	14.8745364	2
2	25	0.38981543	H9	9.057	25.2	34	11.465159706	3
2	28	0.9581253	I11	10.525	28.2	34	28.180155882	1
2	28	0.93863453	I11	10.525	28.2	26	36.101328077	2
2	28	1.28074886	I11	10.525	28.2	36	35.576357222	3
1	28	0.506760062	I13	7.094	28.1	34	14.904707706	1
1	28	0.466239775	I13	7.094	28.1	26	17.932299038	2
1	28	0.472394755	I13	7.094	28.1	36	13.122076528	3
3	28	1.02839466	I15	11.92	28.3	34	30.246901765	1
3	28	1.11712897	I15	11.92	28.3	26	42.966498846	2
3	28	1.54900343	I15	11.92	28.3	36	43.027873056	3
1	25	0.6001106	I2	10.086	25.1	35	17.146017143	1
1	25	0.67243162	I2	10.086	25.1	25	26.8972648	2
1	25	0.79142791	I2	10.086	25.1	34	23.277291471	3
3	32	0.05026567	I20	10.075	32.3	35	1.436162	1
3	32	0.0477011	I20	10.075	32.3	25	1.908044	2
3	32	-0.14464204	I20	10.075	32.3	35	-4.132629714	3
2	25	1.02839466	I3	11.144	25.2	35	29.382704571	1
2	25	0.4806014	I3	11.144	25.2	25	19.224056	2
2	25	1.1150773	I3	11.144	25.2	34	32.796391176	3
2	32	0.0477011	I4	9.074	32.2	35	1.362888571	1
2	32	-0.14618079	I4	9.074	32.2	25	-5.8472316	2
2	32	-0.04923984	I4	9.074	32.2	35	-1.406852571	3
1	32	0.17131363	I6	11.014	32.1	35	4.894675143	1
1	32	-0.02051661	I6	11.014	32.1	25	-0.8206644	2
1	32	-0.1738782	I6	11.014	32.1	35	-4.967948571	3
3	25	0.85092606	I7	11.026	25.3	35	24.312173143	1
3	25	0.55087076	I7	11.026	25.3	25	22.0348304	2
3	25	0.84528399	I7	11.026	25.3	34	24.861293824	3
1	25	0.364169681	I8	8.869	25.1	35	10.404848029	1
1	25	0.274409546	I8	8.869	25.1	25	10.97638184	2
1	25	0.41494827	I8	8.869	25.1	34	12.204360882	3
2	25	0.30774903	I9	10.739	25.2	35	8.792829429	1
2	25	0.41033203	I9	10.739	25.2	25	16.4132812	2
2	25	0.82271573	I9	10.739	25.2	34	24.197521471	3
1	25	0.57241319	J14	8.855	25.1	35	16.354662571	1
1	25	0.51240213	J14	8.855	25.1	25	20.4960852	2
1	25	0.83040945	J14	8.855	25.1	34	24.423807353	3
1	32	0.188752732	J16	8.279	32.1	35	5.3929352	1
1	32	0.06411438	J16	8.279	32.1	25	2.5645752	2
1	32	0.05847232	J16	8.279	32.1	35	1.670637714	3
1	28	0.574977766	J17	9.517	28.1	34	16.911110765	1
1	28	0.70782276	J17	9.517	28.1	26	27.223952308	2
1	28	0.80681536	J17	9.517	28.1	36	22.411537778	3
2	28	0.78322127	J20	10.409	28.2	34	23.035919706	1
2	28	0.87400724	J20	10.409	28.2	26	33.615663077	2
2	28	1.2140699	J20	10.409	28.2	36	33.724163889	3
3	25	0.593442705	J4	8.719	25.3	35	16.955505857	1
3	25	0.495988847	J4	8.719	25.3	25	19.83955388	2
3	25	0.486243461	J4	8.719	25.3	34	14.301278265	3
3	32	0.32108482	J6	9.59	32.3	35	9.173852	1
3	32	0.09745386	J6	9.59	32.3	25	3.8981544	2
3	32	0.11848337	J6	9.59	32.3	35	3.385239143	3
3	28	0.743213897	J7	9.508	28.3	34	21.859232265	1
3	28	0.785272929	J7	9.508	28.3	26	30.202804962	2
3	28	0.81245743	J7	9.508	28.3	36	22.568261944	3
2	32	0.10463466	J8	9.041	32.2	35	2.989561714	1
2	32	0.07591143	J8	9.041	32.2	25	3.0364572	2
2	32	0.04308486	J8	9.041	32.2	35	1.230996	3
2	25	0.577542339	J9	8.366	25.2	35	16.501209686	1
2	25	0.574977763	J9	8.366	25.2	25	22.99911052	2
2	25	0.769885478	J9	8.366	25.2	34	22.643690529	3
3	25	0.46008479	K1	9.241	25.3	35	13.145279714	1
3	25	0.35391138	K1	9.241	25.3	25	14.1564552	2
3	25	0.74834305	K1	9.241	25.3	34	22.010089706	3
1	28	0.388276688	K11	8.871	28.1	34	11.419902588	1
1	28	0.510350468	K11	8.871	28.1	26	19.628864154	2
1	28	0.557538652	K11	8.871	28.1	36	15.487184778	3
2	32	0.087195557	K12	7.424	32.2	35	2.491301629	1
2	32	0.026671582	K12	7.424	32.2	25	1.06686328	2
2	32	0.008719556	K12	7.424	32.2	35	0.249130171	3
3	32	0.116431715	K17	5.484	32.3	35	3.326620429	1
3	32	0.022055347	K17	5.484	32.3	25	0.88221388	2
3	32	0.051804419	K17	5.484	32.3	35	1.480126257	3
2	28	0.574977764	K18	8.231	28.2	34	16.911110706	1
2	28	0.702693609	K18	8.231	28.2	26	27.026677269	2
2	28	0.819125324	K18	8.231	28.2	36	22.753481222	3
3	28	0.6719187	K19	8.311	28.3	34	19.762314706	1
3	28	0.64832462	K19	8.311	28.3	26	24.935562308	2
3	28	0.98171939	K19	8.311	28.3	36	27.269983056	3
3	25	0.145667872	K3	7.645	25.3	35	4.1619392	1
3	25	0.246712136	K3	7.645	25.3	25	9.86848544	2
3	25	0.530867069	K3	7.645	25.3	34	15.613737324	3
2	32	0.13899997	K4	9.285	32.2	35	3.971427714	1
2	32	0.03949446	K4	9.285	32.2	25	1.5797784	2
2	32	0.05231734	K4	9.285	32.2	35	1.494781143	3
1	25	0.51958294	K5	10.158	25.1	35	14.845226857	1
1	25	0.41546119	K5	10.158	25.1	25	16.6184476	2
1	25	0.8729814	K5	10.158	25.1	34	25.675923529	3
1	32	0.37032466	K6	8.607	32.1	35	10.580704571	1
1	32	0.03436531	K6	8.607	32.1	25	1.3746124	2
1	32	0.10360884	K6	8.607	32.1	35	2.960252571	3
2	25	0.46880435	K9	9.064	25.2	35	13.39441	1
2	25	0.379044221	K9	9.064	25.2	25	15.16176884	2
2	25	0.63345007	K9	9.064	25.2	34	18.630884412	3
1	32	0.35391138	L13	9.756	32.1	35	10.111753714	1
1	32	0.006667895	L13	9.756	32.1	25	0.2667158	2
1	32	0.107712159	L13	9.756	32.1	35	3.077490257	3
3	25	0.49598884	L14	9.581	25.3	35	14.171109714	1
3	25	0.4021254	L14	9.581	25.3	25	16.085016	2
3	25	0.62575635	L14	9.581	25.3	34	18.404598529	3
1	25	0.519070024	L18	7.685	25.1	35	14.830572114	1
1	25	0.313391091	L18	7.685	25.1	25	12.53564364	2
1	25	0.663712066	L18	7.685	25.1	34	19.520943118	3
3	32	0.350320974	L20	9.48	32.3	35	10.009170686	1
3	32	0.06001106	L20	9.48	32.3	25	2.4004424	2
3	32	0.080014747	L20	9.48	32.3	35	2.286135629	3
1	28	0.53240581	L3	9.94	28.1	34	15.658994412	1
1	28	0.60421392	L3	9.94	28.1	26	23.238996923	2
1	28	1.04839835	L3	9.94	28.1	36	29.122176389	3
2	28	0.70833568	L4	9.717	28.2	34	20.833402353	1
2	28	0.76116592	L4	9.717	28.2	26	29.275612308	2
2	28	1.2443319	L4	9.717	28.2	36	34.564775	3
2	25	0.63960505	L5	9.715	25.2	35	18.27443	1
2	25	0.56420655	L5	9.715	25.2	25	22.568262	2
2	25	0.75501095	L5	9.715	25.2	34	22.206204412	3
1	32	0.42418074	L6	10.018	32.1	35	12.119449714	1
1	32	0.06154981	L6	10.018	32.1	25	2.4619924	2
1	32	0.10258301	L6	10.018	32.1	35	2.930943143	3
2	32	0.24158298	L8	8.742	32.2	35	6.902370857	1
2	32	0.05898523	L8	8.742	32.2	25	2.3594092	2
2	32	0.07283394	L8	8.742	32.2	35	2.080969714	3
3	28	0.65909584	L9	10.663	28.3	34	19.385171765	1
3	28	0.68730615	L9	10.663	28.3	26	26.434851923	2
3	28	1.49463444	L9	10.663	28.3	36	41.517623333	3
2	28	0.88272679	M1	12.77	28.2	34	25.962552647	1
2	28	0.79912164	M1	12.77	28.2	26	30.735447692	2
2	28	0.99043895	M1	12.77	28.2	36	27.512193056	3
3	25	0.697051544	M10	10.099	25.3	35	19.9157584	1
3	25	0.488295117	M10	10.099	25.3	25	19.53180468	2
3	25	0.59190396	M10	10.099	25.3	34	17.40894	3
1	32	0.24055715	M16	7.554	32.1	35	6.873061429	1
1	32	0.03846863	M16	7.554	32.1	25	1.5387452	2
1	32	0.0102583	M16	7.554	32.1	35	0.293094286	3
3	28	0.4739335	M17	7.337	28.3	34	13.939220588	1
3	28	0.477010991	M17	7.337	28.3	26	18.346576577	2
3	28	0.649863359	M17	7.337	28.3	36	18.051759972	3
3	32	0.125664186	M18	8.316	32.3	35	3.590405314	1
3	32	0.006667895	M18	8.316	32.3	25	0.2667158	2
3	32	0.041546119	M18	8.316	32.3	35	1.187031971	3
1	25	0.46418811	M20	7.188	25.1	35	13.262517429	1
1	25	0.33903684	M20	7.188	25.1	25	13.5614736	2
1	25	0.49804051	M20	7.188	25.1	34	14.648250294	3
2	25	0.76167884	M5	9.78	25.2	35	21.762252571	1
2	25	0.63652757	M5	9.78	25.2	25	25.4611028	2
2	25	0.90529505	M5	9.78	25.2	34	26.626325	3
2	32	0.22568262	M6	8.302	32.2	35	6.448074857	1
2	32	0.00205166	M6	8.302	32.2	25	0.0820664	2
2	32	0.03231364	M6	8.302	32.2	35	0.923246857	3
1	28	0.66371207	M7	10.486	28.1	34	19.520943235	1
1	28	0.48265305	M7	10.486	28.1	26	18.563578846	2
1	28	0.60472684	M7	10.486	28.1	36	16.797967778	3
2	25	0.96530611	N10	12.707	25.2	35	27.580174571	1
2	25	0.91093712	N10	12.707	25.2	25	36.4374848	2
2	25	1.49925067	N10	12.707	25.2	34	44.095607941	3
3	32	0.42879697	N13	9.437	32.3	35	12.251342	1
3	32	0.06001106	N13	9.437	32.3	25	2.4004424	2
3	32	0.0954022	N13	9.437	32.3	35	2.725777143	3
1	32	0.34570474	N15	9.579	32.1	35	9.877278286	1
1	32	0.07898892	N15	9.579	32.1	25	3.1595568	2
1	32	0.07026936	N15	9.579	32.1	35	2.007696	3
1	25	0.485217635	N16	9.522	25.1	35	13.863361	1
1	25	0.57805525	N16	9.522	25.1	25	23.12221	2
1	25	0.86477476	N16	9.522	25.1	34	25.434551765	3
3	25	0.606265583	N17	7.515	25.3	35	17.3218738	1
3	25	0.50368257	N17	7.515	25.3	25	20.1473028	2
3	25	0.76834674	N17	7.515	25.3	34	22.598433529	3
1	28	0.596520195	N6	8.572	28.1	34	17.544711618	1
1	28	0.647298785	N6	8.572	28.1	26	24.896107115	2
1	28	0.768346735	N6	8.572	28.1	36	21.342964861	3
2	32	0.147206617	N7	7.831	32.2	35	4.205903343	1
2	32	0.184136501	N7	7.831	32.2	25	7.36546004	2
2	32	0.080014747	N7	7.831	32.2	35	2.286135629	3
3	28	0.45187815	N8	10.598	28.3	34	13.290533824	1
3	28	0.77706629	N8	10.598	28.3	26	29.887165	2
3	28	1.43821378	N8	10.598	28.3	36	39.950382778	3
2	28	0.83605152	N9	10.206	28.2	34	24.589750588	1
2	28	0.961202792	N9	10.206	28.2	26	36.969338154	2
2	28	1.3843577	N9	10.206	28.2	36	38.454380556	3
3	28	0.566258208	O11	7.709	28.3	34	16.654653176	1
3	28	0.577542341	O11	7.709	28.3	26	22.213166962	2
3	28	0.80066038	O11	7.709	28.3	36	22.240566111	3
2	28	1.04173046	O13	10.796	28.2	34	30.639131176	1
2	28	0.88221387	O13	10.796	28.2	26	33.931302692	2
2	28	1.26895182	O13	10.796	28.2	36	35.248661667	3
3	32	0.38314754	O14	8.935	32.3	35	10.947072571	1
3	32	0.18362358	O14	8.935	32.3	25	7.3449432	2
3	32	0.21542432	O14	8.935	32.3	35	6.154980571	3
3	25	0.73500726	O2	11.258	25.3	35	21.000207429	1
3	25	0.51650545	O2	11.258	25.3	25	20.660218	2
3	25	0.80937994	O2	11.258	25.3	34	23.805292353	3
1	28	0.71910689	O20	10.664	28.1	34	21.150202647	1
1	28	0.77552755	O20	10.664	28.1	26	29.827982692	2
1	28	0.6719187	O20	10.664	28.1	36	18.664408333	3
2	25	0.69961612	O3	10.519	25.2	35	19.989032	1
2	25	0.54779327	O3	10.519	25.2	25	21.9117308	2
2	25	0.98120648	O3	10.519	25.2	34	28.859014118	3
1	32	0.35493721	O4	8.866	32.1	35	10.141063143	1
1	32	0.13951289	O4	8.866	32.1	25	5.5805156	2
1	32	0.13335791	O4	8.866	32.1	35	3.810226	3
1	32	0.58010691	O6	7.765	32.1	35	16.574483143	1
1	32	0.12822877	O6	7.765	32.1	25	5.1291508	2
1	32	0.21080808	O6	7.765	32.1	35	6.023088	3
2	32	0.29646489	O7	7.84	32.2	35	8.470425429	1
2	32	0.12822876	O7	7.84	32.2	25	5.1291504	2
2	32	0.06616605	O7	7.84	32.2	35	1.890458571	3
1	25	0.58933938	O9	11.295	25.1	35	16.838268	1
1	25	0.59139105	O9	11.295	25.1	25	23.655642	2
1	25	0.91247586	O9	11.295	25.1	34	26.837525294	3
3	32	0.12822876	P11	10.653	32.3	35	3.663678857	1
3	32	0.06103689	P11	10.653	32.3	25	2.4414756	2
3	32	0.05283025	P11	10.653	32.3	35	1.509435714	3
2	28	0.27902579	P12	9.991	28.2	34	8.206640882	1
2	28	0.40007373	P12	9.991	28.2	26	15.387451154	2
2	28	0.94376368	P12	9.991	28.2	36	26.215657778	3
3	25	0.38981543	P13	12.448	25.3	35	11.137583714	1
3	25	0.50829881	P13	12.448	25.3	25	20.3319524	2
3	25	0.74577847	P13	12.448	25.3	34	21.934660882	3
1	32	0.07847601	P15	8.781	32.1	35	2.242171714	1
1	32	0.04718818	P15	8.781	32.1	25	1.8875272	2
1	32	0.03180073	P15	8.781	32.1	35	0.908592286	3
1	28	0.22773428	P16	11.307	28.1	34	6.698067059	1
1	28	0.56830987	P16	11.307	28.1	26	21.858071923	2
1	28	0.80219913	P16	11.307	28.1	36	22.283309167	3
3	28	0.39853499	P17	10.936	28.3	34	11.721617353	1
3	28	0.60267518	P17	10.936	28.3	26	23.179814615	2
3	28	1.01762344	P17	10.936	28.3	36	28.267317778	3
2	28	0.105660499	P18	9.436	28.2	34	3.107661735	1
2	28	0.470856011	P18	9.436	28.2	26	18.109846577	2
2	28	1.04224337	P18	9.436	28.2	36	28.951204722	3
2	32	0.09488928	P19	9.753	32.2	35	2.711122286	1
2	32	0.0441107	P19	9.753	32.2	25	1.764428	2
2	32	0.04000737	P19	9.753	32.2	35	1.143067714	3
2	25	0.10309592	P20	7.959	25.2	35	2.945597714	1
2	25	0.22209221	P20	7.959	25.2	25	8.8836884	2
2	25	0.46726561	P20	7.959	25.2	34	13.743106176	3
1	25	0.14053872	P9	10.862	25.1	35	4.015392	1
1	25	0.28928409	P9	10.862	25.1	25	11.5713636	2
1	25	0.45239106	P9	10.862	25.1	34	13.305619412	3
1	28	0.93966036	Q13	12.69	28.1	34	27.637069412	1
1	28	0.73911057	Q13	12.69	28.1	26	28.427329615	2
1	28	0.97864191	Q13	12.69	28.1	36	27.1844975	3
3	32	0.23901841	Q14	10.946	32.3	35	6.829097429	1
3	32	0.17131362	Q14	10.946	32.3	25	6.8525448	2
3	32	0.09232471	Q14	10.946	32.3	35	2.637848857	3
2	28	0.39238001	Q15	8.905	28.2	34	11.540588529	1
2	28	0.56420655	Q15	8.905	28.2	26	21.700251923	2
2	28	0.736546	Q15	8.905	28.2	36	20.459611111	3
1	25	0.619601372	Q17	8.749	25.1	35	17.702896343	1
1	25	0.523173344	Q17	8.749	25.1	25	20.92693376	2
1	25	0.595494366	Q17	8.749	25.1	34	17.514540176	3
3	25	0.58338957	Q19	11.372	25.3	35	16.668273429	1
3	25	0.55015267	Q19	11.372	25.3	25	22.0061068	2
3	25	1.06737621	Q19	11.372	25.3	34	31.393417941	3
2	32	0.27235789	Q20	9.166	32.2	35	7.781654	1
2	32	0.10155718	Q20	9.166	32.2	25	4.0622872	2
2	32	0.04821401	Q20	9.166	32.2	35	1.377543143	3
1	32	0.24825088	Q5	9.447	32.1	35	7.092882286	1
1	32	0.23799258	Q5	9.447	32.1	25	9.5197032	2
1	32	0.05180442	Q5	9.447	32.1	35	1.480126286	3
2	25	0.38366045	Q6	9.113	25.2	35	10.961727143	1
2	25	0.42315491	Q6	9.113	25.2	25	16.9261964	2
2	25	1.18432083	Q6	9.113	25.2	34	34.832965588	3
3	28	1.01300721	Q7	12.023	28.3	34	29.794329706	1
3	28	0.97812899	Q7	12.023	28.3	26	37.620345769	2
3	28	1.25305145	Q7	12.023	28.3	36	34.806984722	3
2	25	0.80835411	R12	9.485	25.2	35	23.095831714	1
2	25	0.56215489	R12	9.485	25.2	25	22.4861956	2
2	25	0.94017327	R12	9.485	25.2	34	27.652155	3
1	25	0.482140141	R13	10.359	25.1	35	13.7754326	1
1	25	0.383147537	R13	10.359	25.1	25	15.32590148	2
1	25	0.509837552	R13	10.359	25.1	34	14.995222118	3
1	32	0.4262324	R16	8.997	32.1	35	12.178068571	1
1	32	0.2728708	R16	8.997	32.1	25	10.914832	2
1	32	0.22465679	R16	8.997	32.1	35	6.418765429	3
2	32	0.283642016	R17	8.654	32.2	35	8.1040576	1
2	32	0.09796678	R17	8.654	32.2	25	3.9186712	2
2	32	0.12463835	R17	8.654	32.2	35	3.561095714	3
2	28	0.85861978	R6	9.348	28.2	34	25.253522941	1
2	28	0.65396668	R6	9.348	28.2	26	25.152564615	2
2	28	1.03454965	R6	9.348	28.2	36	28.737490278	3
3	28	0.717055231	R7	7.601	28.3	34	21.089859735	1
3	28	0.570361528	R7	7.601	28.3	26	21.936981846	2
3	28	0.822715729	R7	7.601	28.3	36	22.853214694	3
3	25	0.62524344	R8	9.833	25.3	35	17.864098286	1
3	25	0.44726192	R8	9.833	25.3	25	17.8904768	2
3	25	0.88221387	R8	9.833	25.3	34	25.947466765	3
1	28	0.64883753	R9	10.721	28.1	34	19.083456765	1
1	28	0.63345008	R9	10.721	28.1	26	24.363464615	2
1	28	0.53548331	R9	10.721	28.1	36	14.874536389	3
